12
1 73 373 1 R 6 50 0 0
2 727 227 2 R 6 50 0 0
3 229 433 0 P 5 0 40 0
4 571 167 0 P 5 0 40 0
5 78 151 0 S 5 0 0 40
6 722 449 0 S 5 0 0 40
7 147 117 0 P 2 0 10 0
8 653 483 0 P 2 0 10 0
9 160 210 0 S 4 0 0 30
10 640 390 0 S 4 0 0 30
11 91 482 0 R 5 40 0 0
12 709 118 0 R 5 40 0 0
12
1 2 50 0 0
2 1 50 0 0
3 0 0 40 0
4 0 0 40 0
5 0 0 0 40
6 0 0 0 40
7 0 0 10 0
8 0 0 10 0
9 0 0 0 30
10 0 0 0 30
11 0 40 0 0
12 0 40 0 0
0
your turn
12
1 2 37 0 0
2 1 37 0 0
3 0 0 40 0
4 0 0 40 0
5 0 0 0 40
6 0 0 0 40
7 0 0 10 0
8 0 0 10 0
9 0 0 0 30
10 0 0 0 30
11 0 40 0 0
12 0 40 0 0
2
1 1 2 2 34 34 25 0 0
2 2 12 1 6 6 25 0 0
your turn
12
1 2 31 0 0
2 1 49 0 0
3 0 0 40 0
4 0 0 40 0
5 0 0 0 40
6 0 0 0 40
7 0 0 10 0
8 0 0 10 0
9 0 0 0 30
10 0 0 0 30
11 0 40 0 0
12 0 40 0 0
3
1 1 2 2 34 33 25 0 0
2 2 12 1 6 5 25 0 0
3 1 9 2 10 10 18 0 0
your turn
12
1 2 28 0 0
2 1 61 0 0
3 0 0 40 0
4 0 0 40 0
5 0 0 0 40
6 0 0 0 40
7 0 0 10 0
8 0 0 10 0
9 0 0 0 30
10 0 0 0 30
11 0 40 0 0
12 0 40 0 0
4
1 1 2 2 34 32 25 0 0
2 2 12 1 6 4 25 0 0
3 1 9 2 10 9 18 0 0
4 1 11 2 6 6 15 0 0
your turn
12
1 2 26 0 0
2 1 73 0 0
3 0 0 40 0
4 0 0 40 0
5 0 0 0 40
6 0 0 0 40
7 0 0 10 0
8 0 0 10 0
9 0 0 0 30
10 0 0 0 30
11 0 40 0 0
12 0 40 0 0
5
1 1 2 2 34 31 25 0 0
2 2 12 1 6 3 25 0 0
3 1 9 2 10 8 18 0 0
4 1 11 2 6 5 15 0 0
5 1 5 2 12 12 14 0 0
your turn
12
1 2 25 0 0
2 1 85 0 0
3 0 0 40 0
4 0 0 40 0
5 0 0 0 40
6 0 0 0 40
7 0 0 10 0
8 0 0 10 0
9 0 0 0 30
10 0 0 0 30
11 0 40 0 0
12 0 40 0 0
6
1 1 2 2 34 30 25 0 0
2 2 12 1 6 2 25 0 0
3 1 9 2 10 7 18 0 0
4 1 11 2 6 4 15 0 0
5 1 5 2 12 11 14 0 0
6 1 8 2 30 30 13 0 0
your turn
